1 0 1000.000000 0.000000

1 1 999.758000 0.068000

1 2 999.032000 0.274000

1 3 997.823000 0.615000

1 4 996.132000 1.091000

1 5 993.961000 1.700000

1 6 991.310000 2.441000

1 7 988.183000 3.311000

1 8 984.583000 4.308000

1 9 980.511000 5.429000

1 10 975.972000 6.669000

1 11 970.971000 8.026000

1 12 965.510000 9.496000

1 13 959.595000 11.073000

1 14 953.231000 12.753000

1 15 946.424000 14.531000

1 16 939.180000 16.403000

1 17 931.504000 18.362000

1 18 923.405000 20.403000

1 19 914.890000 22.521000

1 20 905.965000 24.709000

1 21 896.639000 26.960000

1 22 886.921000 29.270000

1 23 876.819000 31.632000

1 24 866.343000 34.038000

1 25 855.503000 36.484000

1 26 844.308000 38.961000

1 27 832.768000 41.465000

1 28 820.896000 43.988000

1 29 808.701000 46.523000

1 30 796.195000 49.065000

1 31 783.391000 51.606000

1 32 770.299000 54.141000

1 33 756.934000 56.663000

1 34 743.307000 59.165000

1 35 729.431000 61.641000

1 36 715.321000 64.086000

1 37 700.989000 66.492000

1 38 686.450000 68.855000

1 39 671.717000 71.167000

1 40 656.806000 73.424000

1 41 641.730000 75.619000

1 42 626.506000 77.748000

1 43 611.147000 79.803000

1 44 595.668000 81.781000

1 45 580.087000 83.676000

1 46 564.417000 85.483000

1 47 548.675000 87.197000

1 48 532.877000 88.814000

1 49 517.038000 90.329000

1 50 501.174000 91.737000

1 51 485.303000 93.036000

1 52 469.439000 94.220000

1 53 453.600000 95.287000

1 54 437.801000 96.233000

1 55 422.059000 97.055000

1 56 406.390000 97.750000

1 57 390.664000 98.305000

1 58 374.939000 98.666000

1 59 359.335000 98.828000

1 60 343.869000 98.792000

1 61 328.558000 98.558000

1 62 313.420000 98.128000

1 63 298.472000 97.504000

1 64 283.731000 96.690000

1 65 269.213000 95.689000

1 66 254.934000 94.505000

1 67 240.912000 93.143000

1 68 227.162000 91.608000

1 69 213.699000 89.906000

1 70 200.539000 88.044000

1 71 187.695000 86.029000

1 72 175.183000 83.867000

1 73 163.016000 81.568000

1 74 151.208000 79.139000

1 75 139.770000 76.589000

1 76 128.717000 73.926000

1 77 118.058000 71.161000

1 78 107.805000 68.302000

1 79 97.969000 65.360000

1 80 88.560000 62.343000

1 81 79.587000 59.261000

1 82 71.059000 56.125000

1 83 62.983000 52.944000

1 84 55.369000 49.728000

1 85 48.221000 46.485000

1 86 41.547000 43.226000

1 87 35.352000 39.959000

1 88 29.642000 36.692000

1 89 24.421000 33.434000

1 90 19.693000 30.193000

1 91 15.462000 26.976000

1 92 11.729000 23.789000

1 93 8.498000 20.639000

1 94 5.770000 17.531000

1 95 3.547000 14.471000

1 96 1.828000 11.461000

1 97 0.615000 8.507000

1 98 -0.093000 5.611000

1 99 -0.298000 2.775000

1 100 0.000000 0.000000

1 101 0.791000 -2.676000

1 102 2.067000 -5.217000

1 103 3.823000 -7.622000

1 104 6.057000 -9.892000

1 105 8.765000 -12.027000

1 106 11.942000 -14.028000

1 107 15.585000 -15.895000

1 108 19.688000 -17.629000

1 109 24.245000 -19.232000

1 110 29.250000 -20.704000

1 111 34.698000 -22.047000

1 112 40.581000 -23.264000

1 113 46.893000 -24.355000

1 114 53.626000 -25.324000

1 115 60.773000 -26.172000

1 116 68.325000 -26.902000

1 117 76.274000 -27.517000

1 118 84.613000 -28.020000

1 119 93.332000 -28.415000

1 120 102.423000 -28.706000

1 121 111.876000 -28.895000

1 122 121.682000 -28.988000

1 123 131.831000 -28.989000

1 124 142.315000 -28.902000

1 125 153.123000 -28.733000

1 126 164.245000 -28.487000

1 127 175.672000 -28.169000

1 128 187.393000 -27.785000

1 129 199.398000 -27.340000

1 130 211.676000 -26.841000

1 131 224.218000 -26.294000

1 132 237.011000 -25.705000

1 133 250.046000 -25.081000

1 134 263.312000 -24.428000

1 135 276.797000 -23.753000

1 136 290.490000 -23.062000

1 137 304.380000 -22.363000

1 138 318.455000 -21.661000

1 139 332.704000 -20.964000

1 140 347.114000 -20.277000

1 141 361.674000 -19.608000

1 142 376.371000 -18.962000

1 143 391.193000 -18.346000

1 144 406.228000 -17.759000

1 145 421.506000 -17.160000

1 146 436.866000 -16.543000

1 147 452.292000 -15.910000

1 148 467.770000 -15.266000

1 149 483.286000 -14.615000

1 150 498.826000 -13.960000

1 151 514.373000 -13.304000

1 152 529.914000 -12.651000

1 153 545.433000 -12.003000

1 154 560.916000 -11.363000

1 155 576.348000 -10.734000

1 156 591.713000 -10.118000

1 157 606.997000 -9.517000

1 158 622.184000 -8.932000

1 159 637.261000 -8.366000

1 160 652.211000 -7.818000

1 161 667.021000 -7.292000

1 162 681.675000 -6.786000

1 163 696.159000 -6.303000

1 164 710.459000 -5.841000

1 165 724.559000 -5.403000

1 166 738.447000 -4.987000

1 167 752.108000 -4.593000

1 168 765.528000 -4.221000

1 169 778.693000 -3.872000

1 170 791.590000 -3.543000

1 171 804.206000 -3.235000

1 172 816.528000 -2.948000

1 173 828.544000 -2.679000

1 174 840.240000 -2.429000

1 175 851.604000 -2.197000

1 176 862.625000 -1.982000

1 177 873.292000 -1.782000

1 178 883.592000 -1.598000

1 179 893.516000 -1.427000

1 180 903.052000 -1.271000

1 181 912.191000 -1.126000

1 182 920.923000 -0.994000

1 183 929.238000 -0.872000

1 184 937.127000 -0.761000

1 185 944.583000 -0.659000

1 186 951.596000 -0.566000

1 187 958.160000 -0.482000

1 188 964.267000 -0.406000

1 189 969.910000 -0.338000

1 190 975.084000 -0.277000

1 191 979.783000 -0.222000

1 192 984.001000 -0.174000

1 193 987.733000 -0.133000

1 194 990.977000 -0.097000

1 195 993.728000 -0.067000

1 196 995.982000 -0.043000

1 197 997.739000 -0.024000

1 198 998.994000 -0.011000

1 199 999.749000 -0.003000

1 200 1000.000000 0.000000