1 0 1000.000000 0.000000
1 1 999.032000 0.274000
1 2 996.132000 1.091000
1 3 991.310000 2.441000
1 4 984.583000 4.308000
1 5 975.972000 6.669000
1 6 965.510000 9.496000
1 7 953.231000 12.753000
1 8 939.180000 16.403000
1 9 923.405000 20.403000
1 10 905.965000 24.709000
1 11 886.921000 29.270000
1 12 866.343000 34.038000
1 13 844.308000 38.961000
1 14 820.896000 43.988000
1 15 796.195000 49.065000
1 16 770.299000 54.141000
1 17 743.307000 59.165000
1 18 715.321000 64.086000
1 19 686.450000 68.855000
1 20 656.806000 73.424000
1 21 626.506000 77.748000
1 22 595.668000 81.781000
1 23 564.417000 85.483000
1 24 532.877000 88.814000
1 25 501.174000 91.737000
1 26 469.439000 94.220000
1 27 437.801000 96.233000
1 28 406.390000 97.750000
1 29 374.939000 98.666000
1 30 343.869000 98.792000
1 31 313.420000 98.128000
1 32 283.731000 96.690000
1 33 254.934000 94.505000
1 34 227.162000 91.608000
1 35 200.539000 88.044000
1 36 175.183000 83.867000
1 37 151.208000 79.139000
1 38 128.717000 73.926000
1 39 107.805000 68.302000
1 40 88.560000 62.343000
1 41 71.059000 56.125000
1 42 55.369000 49.728000
1 43 41.547000 43.226000
1 44 29.642000 36.692000
1 45 19.693000 30.193000
1 46 11.729000 23.789000
1 47 5.770000 17.531000
1 48 1.828000 11.461000
1 49 -0.093000 5.611000
1 50 0.000000 0.000000
1 51 2.067000 -5.217000
1 52 6.057000 -9.892000
1 53 11.942000 -14.028000
1 54 19.688000 -17.629000
1 55 29.250000 -20.704000
1 56 40.581000 -23.264000
1 57 53.626000 -25.324000
1 58 68.325000 -26.902000
1 59 84.613000 -28.020000
1 60 102.423000 -28.706000
1 61 121.682000 -28.988000
1 62 142.315000 -28.902000
1 63 164.245000 -28.487000
1 64 187.393000 -27.785000
1 65 211.676000 -26.841000
1 66 237.011000 -25.705000
1 67 263.312000 -24.428000
1 68 290.490000 -23.062000
1 69 318.455000 -21.661000
1 70 347.114000 -20.277000
1 71 376.371000 -18.962000
1 72 406.228000 -17.759000
1 73 436.866000 -16.543000
1 74 467.770000 -15.266000
1 75 498.826000 -13.960000
1 76 529.914000 -12.651000
1 77 560.916000 -11.363000
1 78 591.713000 -10.118000
1 79 622.184000 -8.932000
1 80 652.211000 -7.818000
1 81 681.675000 -6.786000
1 82 710.459000 -5.841000
1 83 738.447000 -4.987000
1 84 765.528000 -4.221000
1 85 791.590000 -3.543000
1 86 816.528000 -2.948000
1 87 840.240000 -2.429000
1 88 862.625000 -1.982000
1 89 883.592000 -1.598000
1 90 903.052000 -1.271000
1 91 920.923000 -0.994000
1 92 937.127000 -0.761000
1 93 951.596000 -0.566000
1 94 964.267000 -0.406000
1 95 975.084000 -0.277000
1 96 984.001000 -0.174000
1 97 990.977000 -0.097000
1 98 995.982000 -0.043000
1 99 998.994000 -0.011000
1 0