1000.000000 0.000000
999.032000 0.274000
996.132000 1.091000
991.310000 2.441000
984.583000 4.308000
975.972000 6.669000
965.510000 9.496000
953.231000 12.753000
939.180000 16.403000
923.405000 20.403000
905.965000 24.709000
886.921000 29.270000
866.343000 34.038000
844.308000 38.961000
820.896000 43.988000
796.195000 49.065000
770.299000 54.141000
743.307000 59.165000
715.321000 64.086000
686.450000 68.855000
656.806000 73.424000
626.506000 77.748000
595.668000 81.781000
564.417000 85.483000
532.877000 88.814000
501.174000 91.737000
469.439000 94.220000
437.801000 96.233000
406.390000 97.750000
374.939000 98.666000
343.869000 98.792000
313.420000 98.128000
283.731000 96.690000
254.934000 94.505000
227.162000 91.608000
200.539000 88.044000
175.183000 83.867000
151.208000 79.139000
128.717000 73.926000
107.805000 68.302000
88.560000 62.343000
71.059000 56.125000
55.369000 49.728000
41.547000 43.226000
29.642000 36.692000
19.693000 30.193000
11.729000 23.789000
5.770000 17.531000
1.828000 11.461000
-0.093000 5.611000
0.000000 0.000000
2.067000 -5.217000
6.057000 -9.892000
11.942000 -14.028000
19.688000 -17.629000
29.250000 -20.704000
40.581000 -23.264000
53.626000 -25.324000
68.325000 -26.902000
84.613000 -28.020000
102.423000 -28.706000
121.682000 -28.988000
142.315000 -28.902000
164.245000 -28.487000
187.393000 -27.785000
211.676000 -26.841000
237.011000 -25.705000
263.312000 -24.428000
290.490000 -23.062000
318.455000 -21.661000
347.114000 -20.277000
376.371000 -18.962000
406.228000 -17.759000
436.866000 -16.543000
467.770000 -15.266000
498.826000 -13.960000
529.914000 -12.651000
560.916000 -11.363000
591.713000 -10.118000
622.184000 -8.932000
652.211000 -7.818000
681.675000 -6.786000
710.459000 -5.841000
738.447000 -4.987000
765.528000 -4.221000
791.590000 -3.543000
816.528000 -2.948000
840.240000 -2.429000
862.625000 -1.982000
883.592000 -1.598000
903.052000 -1.271000
920.923000 -0.994000
937.127000 -0.761000
951.596000 -0.566000
964.267000 -0.406000
975.084000 -0.277000
984.001000 -0.174000
990.977000 -0.097000
995.982000 -0.043000
998.994000 -0.011000